4016.517 3.34853513099749
4020.544 4.14432292498128
4310.076 100
4585.461 2.02828227918243
4588.781 2.07325588425407
4593.086 2.09948956452929
4597.763 2.02657084740195
4604.166 2.58815104140673
4738.165 4.82503665382297
4944.314 5.38051310863184
5066.731 10.1233794417624
5256.795 91.0032274409996
5599.117 1.90648411681517
5903.058 26.1003620112745
6228.391 1.45328757192199
6240.008 1.34307581840577
6256.951 2.5658246507546
6264.569 1.21616819432524
6315.568 1.73852830250056
6507.271 23.4097509343983
6697.54 32.520915847099
7113.285 16.3009647505522
7423.401 35.9579318209195
7711.572 23.3505802601701
8079.907 7.82721820993093
8834.791 10.3320212103371
9206.874 5.72001416320062
9462.456 8.38687270942954
10444.742 11.3733175233848
11136.161 5.25408134483591
11523.011 1.48435963521525
11564.057 1.46168417806558
