4025.85 14.9166578754281
4179.39 10.0793564012325
4195.16 100
4279.94 13.6100699949239
4296.99 13.759296917905
4339.2 16.2279091177302
4350.56 12.8227900596766
4403.07 15.0566111036291
4457.99 13.4286653494224
4624.17 22.404072685192
4637.39 19.8649586183083
4677.55 16.7330633409094
4895.63 5.45826187293597
4949.27 22.5117864137111
5022.17 18.1844202941028
5130.73 10.4894034676236
5251.81 58.9850081937287
5467.65 14.9973163848002
5582.77 14.510930500528
5767.24 3.65239851833239
6003.3 67.4098963481984
6115.37 67.4538163800326
6336.21 59.0011258883117
6570.97 6.66392571128677
6793.85 18.4373029917063
7115.26 32.0115793960551
7194.88 52.0270201481565
7589.33 3.22095207707463
7742.13 28.7371624621938
7839.96 4.91788317441967
7924.98 6.8597255438885
8022.87 8.01014998429158
8087.23 2.2727639272601
8290.37 18.5524481413056
8581.62 1.62940515943047
8789.77 16.2360569751903
8823.46 15.0998272900213
8907.85 19.4045714346151
9032.34 20.6718831234765
9138.31 18.4568271092125
9464.88 34.8061947733884
9864.4 2.55685838195886
9903.32 4.07099287072491
9998.94 4.53344723468826
10103.51 25.6021474910836
10245.55 14.5594503134826
10457.14 9.18592847464415
10929.3 2.39529317439903
11115.92 10.3301379804275
11339.22 8.75138710039803
11702.38 2.53578789353994
