4074.931 2.80791263506523
4083.045 5.07793159179664
4369.387 100
4507.003 13.4204227499811
4617.849 1.76726947688223
4624.019 1.22709560345317
4628.958 1.04133178074176
4635.383 1.21064282735076
4641.813 1.89413270537751
4647.133 0.965079366560501
4774.475 4.05403607955036
5100.001 29.9861105991267
5384.612 47.5460185681748
5522.064 6.17745259103839
5660.845 1.43013697864135
5664.125 1.16396006463555
5802.047 1.52036926193561
5813.397 1.22476851733995
5934.778 0.691529002087327
5947.657 0.567088630610281
5951.02 0.796486850851612
5958.027 0.56948198169313
5980.761 0.673113808446132
5984.273 0.631793207601167
5996.643 0.61974826224944
6255.802 51.6914444580533
6802.769 0.572696017635176
6807.116 0.658248943970985
6813.113 0.682291022772174
6820.613 0.829645671852162
6827.967 0.796395415991752
6837.729 1.00466090870692
6857.574 3.15391852818104
6884.23 0.753175424196085
7273.245 28.685225926569
7872.311 13.905688468207
8366.354 2.97423538153733
8888.526 7.65865578580235
9220.137 8.21887010684647
9544.346 14.5103298801995
9742.185 7.88115921868347
10296.21 4.3032221687459
10694.171 2.7902220919197
11196.325 2.74928350824781
11721.881 0.761971428963267
11733.505 0.801193199355786
11739.615 0.859116189395192
