4083.857 2.65089088070124
4088.498 2.39461275682137
4187.975 3.37978586556717
4368.787 100
4506.882 14.4697951940515
4641.318 3.70345093365531
4779.494 7.59208771314581
4874.728 3.82041928968125
5100.001 9.4714625506651
5383.013 51.5270041350503
5657.43 2.428872288737
5724.424 2.56486452438801
5730.197 1.51836242336266
5760.895 2.28922334599294
5950.179 0.992811004747352
6255.515 58.0416811673271
6314.846 43.4534282165012
6726.265 0.781216701653318
6731.63 0.893095240103367
6800.672 0.788403679605018
6812.063 0.729893721420146
6816.862 0.980409039468492
6827.367 1.46797314504766
6856.069 5.60128025972213
7156.258 42.3210224109727
7270.92 35.8906527057615
7658.68 2.68049402213378
7867.958 14.2373264424288
8365.689 12.0447973026708
8886.127 13.6282977899216
9219.787 12.6693826705809
9545.945 26.4443511201401
9733.931 26.0846528051441
10137.391 6.27371087016665
10292.519 8.90358020101679
10680.445 3.47037397400918
11195.555 5.58108146781613
11453.791 2.39505483251987
11740.01 1.18942891374892
