4016.92 1.68898807861832
4060.09 2.18138696381277
4238 12.2107255828461
4266.84 9.40415882745156
4281.66 100
4393.38 9.11049773182806
4452.87 6.60764739239025
4633.07 3.31794416368196
4648.34 6.43004935495618
4837.21 4.50350029977076
4853.31 5.61577128846554
4977.24 7.43834613721209
5075.65 43.5285255009934
5104.89 5.09037669018949
5175.76 4.56170679191067
5348.08 4.7158735554278
5391.8 3.33694852014269
5426.79 2.84813263579354
5594.98 4.02171092535271
5613.88 31.85419233053
5929.21 56.9141848663375
6037.63 3.47386480749409
6068.58 3.30902155933614
6236.87 42.2604176840974
6278.54 2.34227510016528
6374.64 2.29146284212046
6570.67 50.1953658986412
6809.35 10.1391819954757
6873.95 8.14075326832941
6921.2 3.73779525694612
7106.42 49.0116367338525
7139.94 9.38799913697181
7460.9 5.80936445817144
7485.96 14.0603855780743
7504.87 15.0722480055007
7835.09 14.6229097694428
8053.22 5.89556913822379
8087.89 3.48917051412927
8274.9 1.52211758878215
8359.37 3.85785681977443
8485.04 2.16254218319162
8505.56 1.49197894322789
8707.09 13.3760514334232
8797.63 9.72534002748415
8859.6 2.27751803857061
8947.42 3.56862045291889
9012.11 10.4396223088342
9131.7 7.04921188338911
9237.32 2.56660091030801
9512.46 6.4690486163676
9553.59 2.752051664224
9689.94 2.16878346305293
9882.95 2.78247333441662
9913.97 5.16936953969865
9968.34 1.90236847357954
10156.72 5.57908416041129
10197.25 1.27827489331844
10327.38 0.964793014735173
10423.34 1.01306506376444
10881.07 3.42810583161022
10967.22 2.06299243017169
11398.71 3.39104610581609
11692.47 0.927486437518008
11836.69 0.892034348637429
