4087.866 4.23819999961421
4096.714 3.43099867941861
4435.019 18.8914671297577
4532.935 30.5164937933788
4553.034 11.4285758151811
4613.722 16.0509774017305
4780.047 37.1271904477753
4820.997 11.6023586759803
4906.316 5.95493701543543
4981.093 10.7338609367705
5069.219 40.7466794324756
5089.449 36.767034825412
5302.987 3.19550096724498
5373.211 2.88534204858837
5384.543 5.12931262490025
5476.024 6.29373082864026
5646.844 79.3099489974811
5673.607 13.5004869868121
6082.934 52.7162367205768
6227.982 12.901402006722
6397.426 18.2705837947925
6627.528 51.1541722759922
6942.158 5.82547748300094
7174.323 35.7615860077567
7205.404 16.4177669046766
7238.081 17.9863302286859
7526.152 92.4484807585036
7563.455 100
7913.725 5.51246729871935
8171.725 7.29279482000405
8192.856 5.7669591424665
8254.455 3.51084712170481
8387.558 8.11734433261476
8517.083 4.73650183586508
8719.274 2.79308992907445
8769.857 2.8112265092187
9062.051 42.8689769060373
9098.526 13.9405583283694
9219.434 22.1159266108681
9552.843 51.4541390691904
9806.392 5.62545331096985
9954.845 12.6128092996502
10169.557 40.2920983948535
10939.772 4.64654392942185
11146.401 3.05668737278066
11338.117 6.69699317708538
11487.12 4.70416216970624
11745.544 2.72602865114716
11906.608 1.3606243698659
