4029.07 44.525884487082
4329.06 9.44529255960717
4452.57 10.9727427095642
4506.38 6.54273476163007
4553.11 18.6867161293079
4607.94 11.8764228444632
4707.71 2.88382957761965
4743.72 2.72270714691612
4871.68 15.9041723079917
4924.97 7.84829439054901
4955.37 7.17385584324967
5068.78 14.1953670787689
5173.39 62.7407094777869
5262.26 33.8139823038615
5415.36 6.00763721102349
5461.17 3.68051016408082
5514.42 4.87612514830409
5539.32 7.6045988079853
5817.92 1.53324669986058
5841.17 2.68592861762633
5886.41 3.26862840961003
6262.35 1.0535664268955
6382.95 2.08601709983735
6427.8 1.79239891169641
6682.25 100
6838.5 40.5071581726852
7083.95 14.0511126306475
7369.24 17.2989825162131
7400.65 1.28636275749897
7770.38 1.26925076349341
7785.96 0.500968369803973
8055.37 0.444045773191895
8059.74 0.574654022710549
8064.67 0.490358904608335
8222.97 0.311284728323394
8371.11 0.248408741224718
8583.65 0.267940990009002
8728.73 0.374311355678766
8799.43 0.294255249997355
8810.87 0.295138215571692
8822.88 0.296065175060135
9072.35 0.30189026908557
9215.63 0.351147697541171
9217.97 0.394340626920772
9223.82 0.26571114207037
9308.84 0.273492370804317
9329.42 0.233088506224152
9333.54 0.233612307609495
9491.91 0.244843084653015
9500.22 0.244843084653015
9741.58 4.61645406768023
9756.02 0.400461847072638
9759.03 0.314421189509217
9794.56 0.314421189509217
9916.1 0.278245747070283
10510.68 0.172081315126841
10530.04 0.215101643908551
10553.18 0.129060986345131
10566.33 0.129060986345131
10644.11 0.129060986345131
10691.29 0.129060986345131
10695.7 0.172081315126841
10746.16 0.129060986345131
10768.27 0.129060986345131
10776.49 0.172081315126841
10802.43 0.129060986345131
10809.39 0.172081315126841
11221.71 0.215101643908551
11237.85 0.215101643908551
11894.16 0.172081315126841
