4124.14 100
4279.79 9.62520532341728
4299.04 9.98641947251224
4370.12 21.8653548347668
4423.94 14.0746472272132
4582.45 35.6943794361277
4604.98 16.242642688302
4800.64 4.49832819124057
5003.38 68.5794863146772
5354.55 7.03049535862118
5402.09 9.94579231607636
5473.69 8.76454642850071
5736.94 4.94293757960822
6071.01 78.32098585599
6151.94 73.498691607024
6347.89 52.740930068651
6501.69 8.246449342225
6691.96 4.32510354886329
6844.96 4.21651450856674
7054.87 65.6892447341985
7857.69 20.3494702627856
8025.25 10.2268483727481
8274.47 3.06622319296042
8310.38 3.12881907769311
8681.19 6.89081626239249
8824.15 5.85752042200776
8963.87 17.6322842462897
9066.8 14.4747628538529
9379.14 40.9365926475215
9806.87 3.61508653449238
10230.41 7.12263994481234
10295.98 8.52841413989971
10983.35 6.42067005725623
11127.86 4.11737735849792
11460.01 1.76242672132441
11631.31 2.48556795173045
